172
172
335
182
140
143
220
153
178
208
275
171
109
199
116
138
202
218
126
205
318
217
169
345
246
214
160
192
168
135
126
126
297
242
151
221
188
172
183
207
215
212
154
158
175
165
176
181
160
176
186
148
201
169
275
162
230
132
239
99
151
166
166
196
211
222
205
176
189
185
170
223
121
207
170
126
174
141
207
166
198
176
189
184
198
173
163
219
147
167
169
87
228
148
145
188
183
152
111
182
320
127
244
224
168
214
204
124
197
161
223
187
150
311
303
196
131
152
258
184
135
165
227
254
184
196
195
160
181
193
273
202
143
173
169
165
327
191
208
168
149
237
153
155
138
209
273
153
200
204
180
260
194
165
188
154
179
177
192
183
99
118
188
209
161
135
250
213
184
141
221
129
124
221
176
175
145
236
161
218
153
178
163
173
198
284
143
129
188
214
184
255
255
184
338
238
142
326
209
282
146
164
176
162
171
150
260
228
153
120
219
169
197
289
272
227
173
205
153
118
176
153
252
164
148
177
180
186
167
304
128
111
201
286
