1.36
1.27
1.28
1.16
1.36
1.17
1.12
1.42
1.14
1.35
0.96
1.06
0.96
1.04
1.35
1.41
1.37
1.27
1.06
1.07
1.23
1.12
1.25
1.22
1.24
1.19
1.13
1.45
1.18
1.08
1.26
1.08
1.67
1.41
1.25
1.2
1.12
1.23
1.21
1.19
1.19
1.17
1.37
1.23
1.21
1.34
1.29
1.29
1.12
1.2
1.03
1.14
1.34
1.34
1.3
1.36
1.02
1.06
1.18
1.14
1.59
1.13
1.24
1.45
1.08
1.09
1.55
1.1
1.16
1.34
1.34
1.11
1.1
1.4
1.37
1.05
1.31
1.37
1.25
1.13
1.44
1.35
1.36
1.32
1.4
1.16
1.08
1.16
1.31
1.24
1.41
1.11
1.16
1.12
1.37
1.24
1.37
1.43
1.5
1.64
1.42
1.28
1.35
1.55
1.58
1.32
1.45
1.45
1.43
1.5
1.2
1.73
1.68
1.82
1.45
1.68
1.5
1.88
1.32
1.51
1.31
1.45
1.33
1.46
1.49
1.45
1.26
1.58
1.34
1.06
1.2
1.37
1.65
1.41
1.24
1.24
1.39
1.71
1.73
1.48
1.26
1.85
1.47
1.44
1.54
1.52
1.59
1.36
1.38
1.53
1.42
1.39
1.34
1.48
1.53
1.38
1.4
1.25
1.21
1.34
1.28
1.31
1.25
1.28
1.83
1.26
1.37
1.31
1.49
1.32
1.36
1.55
1.42
1.47
1.15
1.38
1.12
1.79
1.2
1.51
1.32
1.28
1.33
1.22
1.3
1.32
1.37
1.4
1.15
1.34
1.43
1.54
1.4
1.31
1.34
1.35
1.48
1.4
1.5
1.63
1.48
1.67
1.38
1.37
1.4
1.61
1.53
1.22
1.41
1.78
1.61
1.75
1.55
1.73
1.53
1.42
1.6
1.89
1.32
1.36
1.86
1.51
1.48
1.5
1.72
1.41
1.51
1.72
1.51
1.47
1.31
1.7
1.44
1.77
